 Save ANN
           4
           3           3           3           1
           1 tanh
           2 tanh
           3 tanh
           4 sigmoid
  Layer            1           
    b           3
      0.0000000000000000
      0.0000000000000000
      0.0000000000000000
    W           3           3
     -0.4452593719566078     -0.2133186501465426     -0.2378958628504474
     -0.4043818567154285      0.4687157773414476     -0.0828987932892049
      0.3167295814389686     -0.0464040343733222      0.0410454316432469
  Layer            2           
    b           3
      0.0000000000000000
      0.0000000000000000
      0.0000000000000000
    W           3           3
      0.0069344720165692      0.1678468622623999     -0.0338709298841471
     -0.3245134228145519     -0.2912856306234844      0.3446797176082777
      0.0941511011625941      0.3061941710074839      0.2852074323685894
  Layer            3           
    b           1
      0.0000000000000000
    W           3           1
     -0.3130081510510669
      0.0391995517421152
     -0.2435355357308479
  
       1    1.5000    0.1403   51.7767    5.4090    0.4883     3.0138     5.3772     0.4798
       2    1.5000    0.1384    1.7323    5.3467    0.4793     8.0875     5.3179     0.4799
       3    1.5000    0.1351    1.6496    5.9974    0.4765     2.4419     5.9108     0.4709
       4    1.5000    0.1333    1.9791    5.6761    0.4725     1.0532     5.6640     0.4773
       5    1.5000    0.1325    2.9053    5.6254    0.4754     0.8022     5.4260     0.4678
       6    1.5000    0.1321    3.5929    5.1215    0.4738     2.7289     5.6815     0.4715
       7    1.5000    0.1348    1.5368    5.3977    0.4719    20.8661     5.5865     0.4705
       8    1.5000    0.1205    2.6609    5.3721    0.4549    12.7027     5.5178     0.4521
       9    1.5000    0.1220    0.9726    6.0104    0.4603    12.7904     5.2536     0.4461
      10    1.5000    0.1287    8.3229    5.4174    0.4475     1.0280     5.7394     0.4520
      11    1.5000    0.1239    1.6234    5.6944    0.4578     1.3044     5.3863     0.4402
      12    1.5000    0.1211    4.3416    5.5317    0.4499     1.8264     6.5149     0.4445
      13    1.5000    0.1213    8.6019    5.5520    0.4527    13.0714     5.4488     0.4401
      14    1.5000    0.1302    4.0666    5.2174    0.4629     1.3532     4.7534     0.4355
      15    1.5000    0.1252    0.6815    5.3796    0.4682     2.3172     4.7503     0.4286
      16    1.5000    0.1375    0.9652    5.5836    0.4796    24.0757     5.0742     0.4416
      17    1.5000    0.1360    1.0839    6.3429    0.4722     2.1379     4.8576     0.4356
      18    1.5000    0.1429   12.5025    5.8826    0.4937     7.1761     4.7354     0.4406
      19    1.5000    0.1412    1.1302    5.8941    0.4925     4.5418     4.8815     0.4318
      20    1.5000    0.1656   11.6993    5.3328    0.5107     0.9159     4.2867     0.4507
      21    1.5000    0.1789    1.5737    6.1849    0.5254     2.7848     4.0260     0.4460
      22    1.5000    0.2022    1.4066    5.6252    0.5522     3.0463     4.1266     0.4582
      23    1.5000    0.2023   12.3062    5.2632    0.5386     1.7013     3.8584     0.4499
      24    1.5000    0.2071    6.2762    5.4819    0.5549     1.3685     3.5437     0.4348
      25    1.5000    0.2087    1.6244    5.1863    0.5525     2.8685     3.4670     0.4212
      26    1.5000    0.2666    3.3260    5.7831    0.6085     1.1082     3.5598     0.4633
      27    1.5000    0.2654    1.5659    5.5247    0.6028     0.9854     3.1363     0.4420
      28    1.5000    0.2630    3.3178    5.0449    0.6022    28.3564     3.0372     0.4213
      29    1.5000    0.2902    3.1748    5.7638    0.6268     1.6950     3.1813     0.4356
      30    1.5000    0.3343    3.5560    5.9113    0.6609     2.1553     3.0935     0.4525
      31    1.5000    0.3353    4.0359    5.5509    0.6553     2.3803     2.7548     0.4244
      32    1.5000    0.3753   17.7401    6.4317    0.6847     1.8208     3.1108     0.4484
      33    1.5000    0.4048    5.0210    5.0974    0.7012     1.7603     2.6268     0.4485
      34    1.5000    0.4163    4.6607    5.5007    0.7130     1.8689     2.7725     0.4531
      35    1.5000    0.4193   13.2165    5.2462    0.7122     1.6442     2.7427     0.4401
      36    1.5000    0.4141    3.0589    5.5477    0.7119     3.1430     2.5881     0.4263
      37    1.5000    0.4183    9.0739    6.0450    0.7160     7.3224     2.6800     0.4238
      38    1.5000    0.4157    1.6780    6.2008    0.7100     1.3159     2.8104     0.4135
      39    1.5000    0.4545    6.7231    5.7134    0.7307    13.6318     2.7243     0.4541
      40    1.5000    0.4572    4.3058    4.7611    0.7286     2.3475     2.7536     0.4529
      41    1.5000    0.4526    6.0874    5.8711    0.7326     1.9478     3.6523     0.4592
      42    1.5000    0.4587   14.8384    5.3017    0.7318     1.7552     2.6840     0.4663
      43    1.5000    0.4600    1.9219    5.7657    0.7343     1.2855     2.6777     0.4774
      44    1.5000    0.4442    5.0316    5.5290    0.7285     1.2790     2.8586     0.4720
      45    1.5000    0.4427    3.2652    5.5248    0.7254     1.6200     2.5613     0.4844
      46    1.5000    0.4267    1.0780    4.9945    0.7114     1.9288     2.7587     0.4604
      47    1.5000    0.4033    3.8479    6.1582    0.7012     1.7680     2.6089     0.4462
      48    1.5000    0.4134    2.8070    5.3686    0.7070     1.5227     2.6635     0.4527
      49    1.5000    0.4083    1.0016    5.6696    0.7058     2.3365     2.6867     0.4531
      50    1.5000    0.4186    3.5717    5.4574    0.7043     1.3435     2.6143     0.4524
      51    1.5000    0.4170    1.5832    5.0968    0.7084     1.5618     2.7089     0.4447
      52    1.5000    0.4120    3.3829    4.9689    0.7031     2.4901     2.5330     0.4423
      53    1.5000    0.4132    2.1839    4.9714    0.7066     4.8897     2.5326     0.4315
      54    1.5000    0.4138    8.8999    5.4544    0.7089     1.0883     2.5514     0.4224
      55    1.5000    0.4092   11.5715    5.1176    0.7023     4.1379     2.6554     0.4211
      56    1.5000    0.4149    4.9485    4.8965    0.7046     1.6230     2.6327     0.4153
      57    1.5000    0.4770    1.1953    5.5030    0.7442     3.9349     2.4887     0.4755
      58    1.5000    0.4659    2.0136    4.9553    0.7312     1.6912     2.4700     0.4647
      59    1.5000    0.4669    6.6981    5.2988    0.7386     1.3401     2.7044     0.4688
      60    1.5000    0.4571    1.0843    5.2834    0.7271     2.1430     2.6846     0.4622
      61    1.5000    0.4537    0.9171    6.0241    0.7277    -0.8400     2.8487     0.4652
      62    1.5000    0.4547    1.6436    5.4457    0.7315     1.7650     2.5940     0.4688
      63    1.5000    0.4544    3.4429    5.7533    0.7315     1.2411     2.5984     0.4850
      64    1.5000    0.4339    1.5019    5.4231    0.7252     5.5615     2.5223     0.4703
      65    1.5000    0.4283    3.4903    5.5019    0.7167     1.4009     2.6244     0.4691
      66    1.5000    0.4217    2.0364    6.0723    0.7185     1.7767     2.5074     0.4752
      67    1.5000    0.4117    2.2639    4.9675    0.7105    -0.4260     2.6010     0.4690
      68    1.5000    0.4043    2.1636    5.1213    0.7016     1.3561     2.5501     0.4589
      69    1.5000    0.3992    3.0827    5.3537    0.6986     1.1043     2.5818     0.4582
      70    1.5000    0.3918    7.5580    5.0822    0.6901     3.3397     2.5099     0.4517
      71    1.5000    0.3886    2.1063    5.3542    0.6892     1.0021     2.4692     0.4532
      72    1.5000    0.3905    6.6990    5.8877    0.6951     2.3302     2.4559     0.4440
      73    1.5000    0.3893    8.5534    5.4933    0.6911     3.0180     2.4522     0.4492
      74    1.5000    0.4055    1.3165    5.3168    0.7047     1.3726     2.5199     0.4602
      75    1.5000    0.4343    4.2074    5.4671    0.7134     1.5858     2.6751     0.4760
      76    1.5000    0.4333   16.8133    5.8319    0.7164     1.9741     2.5110     0.4717
      77    1.5000    0.4305   15.8758    7.1227    0.7233     1.5335     2.5333     0.4630
      78    1.5000    0.4373    8.9271    7.5105    0.7220     1.6945     2.6295     0.4542
      79    1.5000    0.4314    6.7370    5.5970    0.7230     2.3770     2.5248     0.4556
      80    1.5000    0.4428    2.7937    5.7909    0.7271     2.9401     2.4709     0.4646
      81    1.5000    0.4421    1.6907    5.4047    0.7238     1.6121     2.5440     0.4619
      82    1.5000    0.4421    1.7190    4.8575    0.7223     1.8844     2.6203     0.4613
      83    1.5000    0.4398    3.3504    5.5093    0.7248     2.2358     2.5447     0.4611
      84    1.5000    0.4434    1.2946    5.9932    0.7270     2.4071     2.5328     0.4552
      85    1.5000    0.4440    3.2774    5.5124    0.7255     1.3727     2.9708     0.4618
      86    1.5000    0.4460    1.6040    4.7084    0.7190     1.8430     2.5760     0.4722
      87    1.5000    0.4233    8.3709    5.8874    0.7189     1.5226     2.5317     0.4572
      88    1.5000    0.4253    2.5219    5.4643    0.7198     2.0518     2.7052     0.4663
      89    1.5000    0.4239    4.1346    5.9621    0.7161     2.7312     3.1852     0.4824
      90    1.5000    0.4112    2.0181    6.1848    0.7113     1.5022     2.6679     0.4776
      91    1.5000    0.4017   28.5779    5.6654    0.7037     1.9284     2.5623     0.4753
      92    1.5000    0.3958    2.5803    9.5280    0.7017     1.5517     2.5928     0.4859
      93    1.5000    0.3797    3.2998    5.4671    0.6863     3.0932     2.7259     0.4646
      94    1.5000    0.3675    0.8143    5.5805    0.6824     1.1013     2.6263     0.4591
      95    1.5000    0.3680    8.7313    5.6064    0.6777     1.0436     2.4628     0.4615
      96    1.5000    0.3655    1.7543    4.8605    0.6716     0.8885     2.6351     0.4542
      97    1.5000    0.3721    3.1804    5.5774    0.6767     1.4036     2.5295     0.4499
      98    1.5000    0.3831    3.0678    5.5058    0.6862     1.2716     2.5192     0.4562
      99    1.5000    0.4127    1.4208    4.9749    0.7040     1.2136     2.5429     0.4658
     100    1.5000    0.4104   34.2346    4.9394    0.7035     1.0953     2.5013     0.4558
     101    1.5000    0.4182   22.2364    5.6417    0.7135     1.3025     2.4118     0.4475
     102    1.5000    0.4236    2.9626    6.0006    0.7106     2.1117     2.5688     0.4395
     103    1.5000    0.4388   15.7163    5.8644    0.7229     5.6710     2.6028     0.4573
     104    1.5000    0.4328    0.6182    4.9878    0.7202     1.8588     2.4109     0.4325
     105    1.5000    0.4317    1.3949    5.1937    0.7191     1.5403     2.6094     0.4332
     106    1.5000    0.4314    1.9323    6.4593    0.7240     2.7427     2.5741     0.4340
     107    1.5000    0.4352    2.2347    5.6932    0.7163     2.6536     2.4987     0.4324
     108    1.5000    0.4325    2.9607    5.5731    0.7193     1.8787     2.5259     0.4390
     109    1.5000    0.4323    7.0323    6.1899    0.7245     1.7719     2.5658     0.4424
     110    1.5000    0.4225    2.3066    5.8205    0.7157     2.3890     2.7415     0.4365
     111    1.5000    0.4401    3.6561    5.5568    0.7242     2.3420     2.5734     0.4547
     112    1.5000    0.4369    1.4211    6.7977    0.7233     3.9718     2.5902     0.4570
     113    1.5000    0.4433   17.0976    5.3349    0.7208     2.2707     2.5355     0.4612
     114    1.5000    0.4250    2.0873    6.1410    0.7189     2.2858     2.6587     0.4527
     115    1.5000    0.4295    4.7312    5.1766    0.7132     1.7385     2.5179     0.4557
     116    1.5000    0.4131   18.5643    5.6363    0.7072    -0.1680     2.4993     0.4469
     117    1.5000    0.4046    1.9874    5.0722    0.7020     1.4854     2.4804     0.4480
     118    1.5000    0.4060    1.6209    8.7237    0.7056    14.7584     2.5504     0.4451
     119    1.5000    0.3906    4.0270    5.0324    0.6980     3.6006     2.5409     0.4406
     120    1.5000    0.3910    3.1010    6.1185    0.6953     1.6531     2.6132     0.4409
     121    1.5000    0.4136    1.1628    5.2103    0.7130     1.6020     2.4799     0.4686
     122    1.5000    0.4187    2.2863    5.9346    0.7138     2.0707     2.4208     0.4601
     123    1.5000    0.4228    1.5772    5.7590    0.7153     1.3528     2.4216     0.4575
     124    1.5000    0.4209    0.9861    5.0983    0.7097     1.5043     2.5544     0.4555
     125    1.5000    0.4210    1.6209    5.4140    0.7101     1.7580     2.5670     0.4580
     126    1.5000    0.4207   13.2759    5.1914    0.7090     1.2816     2.6730     0.4596
     127    1.5000    0.4387    5.0480   28.8673    0.7301     4.8336     2.4958     0.4672
     128    1.5000    0.4407    1.2798    5.3787    0.7224     1.9534     2.4345     0.4631
     129    1.5000    0.4341    7.1562    5.1891    0.7253     3.6319     2.5717     0.4646
     130    1.5000    0.4435    2.6075    6.1508    0.7239     2.0722     2.5428     0.4594
     131    1.5000    0.4312   41.0171    6.6692    0.7223     1.4850     2.4904     0.4566
     132    1.5000    0.4352    0.8339    5.8006    0.7230     1.8216     2.9578     0.4616
     133    1.5000    0.4359    4.7720    5.2706    0.7177     1.7688     2.6689     0.4597
     134    1.5000    0.4373    7.8074    5.0867    0.7212     2.2973     2.4747     0.4571
     135    1.5000    0.4228    0.9424    5.2151    0.7123     3.8850     2.6129     0.4512
     136    1.5000    0.4243    3.9295    5.5548    0.7180     3.4326     2.7468     0.4529
     137    1.5000    0.4237    1.9257    5.5857    0.7136     3.6869     2.4360     0.4543
     138    1.5000    0.4333    1.0473    5.1093    0.7117     1.4527     2.5133     0.4556
     139    1.5000    0.4284   14.7680    5.3001    0.7161     1.4126     2.5140     0.4512
     140    1.5000    0.4268    2.7459    5.5570    0.7116     1.5147     2.6904     0.4542
     141    1.5000    0.4212   39.9490    5.3020    0.7142     4.2619     2.6324     0.4523
     142    1.5000    0.4278    2.7297    6.1914    0.7183     2.2666     2.6163     0.4580
     143    1.5000    0.4247   16.2482    5.0094    0.7114     1.5444     2.6204     0.4460
     144    1.5000    0.4233    4.5318    6.2167    0.7144     4.6744     2.6819     0.4524
     145    1.5000    0.4254    0.8937    4.8683    0.7128     1.3458     2.4980     0.4546
     146    1.5000    0.4276    4.8869    4.8282    0.7102     1.8521     2.5553     0.4494
     147    1.5000    0.4215    5.4137    5.4617    0.7139     2.8845     2.4347     0.4501
     148    1.5000    0.4195    2.5119    5.3930    0.7139     3.7015     2.4625     0.4614
     149    1.5000    0.4290    2.2017    6.2369    0.7171     3.7724     2.4029     0.4602
     150    1.5000    0.4322    4.0860    5.0966    0.7088     4.1194     2.5041     0.4585
     151    1.5000    0.4228   11.6563    6.1078    0.7223     1.4896     2.4624     0.4574
     152    1.5000    0.4246    1.7392    6.2886    0.7147     3.2086     2.5081     0.4642
     153    1.5000    0.4260   25.8836    5.2155    0.7147     1.3908     2.5360     0.4642
     154    1.5000    0.4239   12.2721    5.3582    0.7104     1.6736     2.5040     0.4570
     155    1.5000    0.4285    1.1068    5.9622    0.7106     2.2578     2.4746     0.4615
     156    1.5000    0.4338    3.2683    5.5478    0.7197     1.3628     2.4276     0.4557
     157    1.5000    0.4278    1.6459    5.3902    0.7134     2.8582     2.5815     0.4580
     158    1.5000    0.4305    3.0186    6.0108    0.7133     4.9229     2.5213     0.4619
     159    1.5000    0.4262   14.1337    5.4077    0.7162     1.4481     2.5364     0.4552
     160    1.5000    0.4280    8.4791    6.4357    0.7168     1.4112     2.6593     0.4507
     161    1.5000    0.4314    8.7771    5.5251    0.7148     1.6520     2.4526     0.4514
     162    1.5000    0.4288    4.8141    5.4054    0.7165    -1.1878     2.5630     0.4506
     163    1.5000    0.4450    0.6627    5.7149    0.7275     2.9883     2.7051     0.4609
     164    1.5000    0.4452    2.2456    4.9758    0.7242     2.7068     2.9420     0.4604
     165    1.5000    0.4440    3.1059    7.1249    0.7267     1.9423     2.4533     0.4600
     166    1.5000    0.4472    1.9749    5.6977    0.7297     1.5828     2.4370     0.4667
     167    1.5000    0.4373    1.4685    5.3986    0.7202     1.3204     2.5607     0.4618
     168    1.5000    0.4412    7.8637    5.1047    0.7219     2.9039     2.5999     0.4614
     169    1.5000    0.4407    9.9433    5.8554    0.7238     2.2163     2.4795     0.4700
     170    1.5000    0.4175   30.1627    5.5112    0.7068     2.4441     2.5740     0.4519
     171    1.5000    0.4171    1.4107    5.4515    0.7062     1.5755     2.6856     0.4577
     172    1.5000    0.4192    1.3225    4.8170    0.7062     1.3558     2.7257     0.4625
     173    1.5000    0.4131    5.0792    5.3339    0.7084     2.7657     2.4581     0.4609
     174    1.5000    0.4052    1.1085    5.6039    0.7040     2.8215     2.4887     0.4549
     175    1.5000    0.4039    0.7485    5.1940    0.7088     1.9623     2.3856     0.4620
     176    1.5000    0.4033    1.1444    5.5523    0.7028     1.2011     2.3955     0.4571
     177    1.5000    0.4223    6.0924    4.9517    0.7110     1.1533     2.4638     0.4748
     178    1.5000    0.4189    0.6941    5.4871    0.7121     1.3207     2.6791     0.4720
     179    1.5000    0.4241   17.1609    5.1715    0.7100     4.4499     2.7083     0.4654
     180    1.5000    0.4102    2.2220    4.7728    0.7017     6.0601     2.4379     0.4567
     181    1.5000    0.4163    9.2650    5.2609    0.7067     2.3693     2.5317     0.4533
     182    1.5000    0.4054    1.6910    6.0114    0.7116     2.3076     2.6409     0.4529
     183    1.5000    0.4130    4.9507    5.0472    0.7076     4.9519     2.5830     0.4439
     184    1.5000    0.4045    6.5693    5.7741    0.7072     1.4305     2.7181     0.4484
     185    1.5000    0.4186    2.7647    4.8391    0.7054     2.0208     2.5152     0.4457
     186    1.5000    0.4176    3.7197    5.0406    0.7101     2.2265     2.5304     0.4452
     187    1.5000    0.4298    3.6086    8.6965    0.7217     2.8944     2.4091     0.4591
     188    1.5000    0.4279    0.7831    5.3709    0.7156     1.5698     2.4537     0.4488
     189    1.5000    0.4330   14.3143    5.2963    0.7177     1.6841     2.5009     0.4488
     190    1.5000    0.4304    0.8503    5.9123    0.7186    -0.0188     2.4591     0.4509
     191    1.5000    0.4289    1.4178    5.6224    0.7184     2.1950     2.4727     0.4561
     192    1.5000    0.4608    9.5789    5.6586    0.7360     2.3613     2.6189     0.4853
     193    1.5000    0.4322   54.3751    5.1830    0.7169     2.2800     2.4144     0.4515
     194    1.5000    0.4349    1.2341    5.9482    0.7225     2.9384     2.3844     0.4480
     195    1.5000    0.4364    1.2751    5.3119    0.7179     1.4337     2.5243     0.4557
     196    1.5000    0.4294   10.9451    5.6637    0.7185     2.0438     2.4990     0.4592
     197    1.5000    0.4345    1.6677    6.4515    0.7207     1.4862     2.5377     0.4554
     198    1.5000    0.4344    0.9924    5.6304    0.7202     2.5145     2.5750     0.4597
     199    1.5000    0.4302    7.3451    5.5961    0.7198     1.6498     2.5740     0.4579
     200    1.5000    0.4307    3.4240    5.8157    0.7191     0.4273     2.8625     0.4597
     201    1.5000    0.4328    6.8263    5.3437    0.7197     2.1107     2.4760     0.4561
     202    1.5000    0.4342    4.1316    6.9530    0.7238     1.7515     2.4689     0.4486
     203    1.5000    0.4329    2.9144    4.9992    0.7182     4.1732     2.4970     0.4501
     204    1.5000    0.4318    4.2082    5.7892    0.7193     1.7260     2.4744     0.4474
     205    1.5000    0.4313   19.1178    5.5808    0.7199     1.5066     2.6099     0.4509
     206    1.5000    0.4328    1.9322    7.1064    0.7252     1.5545     2.6522     0.4585
     207    1.5000    0.4332    5.6652    5.7058    0.7184     4.7579     2.5213     0.4514
     208    1.5000    0.4294   18.2869    5.1926    0.7158     2.6451     2.4860     0.4492
     209    1.5000    0.4299    3.8058    5.7453    0.7270     1.1112     2.5787     0.4575
     210    1.5000    0.4321    2.3774    7.2109    0.7208     1.9669     2.3959     0.4616
     211    1.5000    0.4360    8.1026    7.2338    0.7194     1.4754     2.5407     0.4612
     212    1.5000    0.4367    8.7609    5.4413    0.7186     1.6532     2.4813     0.4583
     213    1.5000    0.4311    6.3170    5.8063    0.7177     1.6291     2.5303     0.4615
     214    1.5000    0.4318    2.4357    5.3362    0.7169     1.6041     2.4507     0.4569
     215    1.5000    0.4231    3.3017    4.8361    0.7073     2.9466     2.8335     0.4579
     216    1.5000    0.4263    6.5395    4.7997    0.7121     1.3037     2.4435     0.4492
     217    1.5000    0.4239    3.7894    5.6127    0.7119     1.6035     2.7420     0.4477
     218    1.5000    0.4263    7.8293    5.4510    0.7130     1.9576     2.5907     0.4450
     219    1.5000    0.4226    6.6485    7.2060    0.7167     1.9926     2.4077     0.4454
     220    1.5000    0.4234    0.9784    5.3832    0.7189     2.2084     2.6887     0.4456
     221    1.5000    0.4225    1.2098    6.3932    0.7159     2.5503     2.4796     0.4409
     222    1.5000    0.4208    4.9795    4.7738    0.7106     1.9033     2.4636     0.4402
     223    1.5000    0.4520   38.8160    5.1702    0.7299     1.3475     2.6084     0.4720
     224    1.5000    0.4532    2.7099    5.5711    0.7365     2.0517     2.6176     0.4706
     225    1.5000    0.4439    4.2683    5.5496    0.7299     1.6223     2.5179     0.4643
     226    1.5000    0.4445    2.5881    4.9330    0.7243     2.0595     2.5797     0.4650
     227    1.5000    0.4469    1.3982    5.5211    0.7261     1.0498     2.7408     0.4657
     228    1.5000    0.4360    4.2699    5.2013    0.7188     1.8105     2.5467     0.4544
     229    1.5000    0.4354    1.9121    5.4398    0.7264     1.2211     2.4369     0.4579
     230    1.5000    0.4353    1.3735    4.5388    0.7227     1.7533     2.5294     0.4596
     231    1.5000    0.4389    1.6379    5.7766    0.7235     1.2459     2.6516     0.4576
     232    1.5000    0.4417    1.2111    4.9688    0.7198     1.6500     2.4711     0.4579
     233    1.5000    0.4337    6.0227    5.1709    0.7213     1.9971     2.8408     0.4637
     234    1.5000    0.4369    3.4900    6.2427    0.7214     3.8150     2.5197     0.4641
     235    1.5000    0.4348    3.7027    5.2938    0.7210     1.5487     2.7227     0.4658
     236    1.5000    0.4375    1.7847    5.9985    0.7200     3.1245     2.5868     0.4635
     237    1.5000    0.4381    1.3145    4.7805    0.7192     1.8837     2.6687     0.4586
     238    1.5000    0.4350   18.9365    5.6825    0.7231     1.5086     2.4827     0.4626
     239    1.5000    0.4389   16.2976    6.0841    0.7252     1.6957     2.5639     0.4605
     240    1.5000    0.4395    7.3207    6.1101    0.7236     2.9214     2.4780     0.4558
     241    1.5000    0.4365    8.1650    4.9481    0.7262     2.3880     2.5993     0.4628
     242    1.5000    0.4443    3.0644    5.8472    0.7273     1.5773     2.4380     0.4645
     243    1.5000    0.4400    1.2182    5.2166    0.7241     1.6279     2.5336     0.4660
     244    1.5000    0.4320    1.6288    5.1143    0.7146     0.6172     2.4060     0.4553
     245    1.5000    0.4293    0.7276    5.8630    0.7176     1.5624     2.4694     0.4622
     246    1.5000    0.4324    0.8066    5.0924    0.7224     2.6891     2.4383     0.4608
     247    1.5000    0.4430   10.6847    5.8619    0.7310     2.1333     2.4885     0.4743
     248    1.5000    0.4374    8.0794    5.6379    0.7270     3.0471     2.5764     0.4754
     249    1.5000    0.4402    9.1714    5.4587    0.7262     2.7515     2.5082     0.4765
     250    1.5000    0.4440    1.6001    4.9133    0.7256     3.9886     2.4702     0.4703
     251    1.5000    0.4295    2.1752    5.2385    0.7114     1.6305     2.4385     0.4540
     252    1.5000    0.4307    8.0953    5.6174    0.7137     1.6439     2.3952     0.4468
     253    1.5000    0.4301    2.4979    5.8460    0.7107     2.0488     2.4051     0.4529
     254    1.5000    0.4264   35.3703    5.1231    0.7134     1.5119     2.4219     0.4469
     255    1.5000    0.4264    3.4995    5.7210    0.7123     2.0021     2.8991     0.4510
     256    1.5000    0.4278   17.4907    5.0400    0.7078     1.2207     2.5173     0.4377
     257    1.5000    0.4188    5.2226    6.2139    0.7132     1.5568     2.5479     0.4370
     258    1.5000    0.4416    4.4226    4.9366    0.7180     2.4330     2.5075     0.4555
     259    1.5000    0.4398    1.5802    5.3909    0.7235     1.6586     2.4640     0.4515
     260    1.5000    0.4340   12.8582    5.5798    0.7210     1.8517     2.6177     0.4507
     261    1.5000    0.4363    5.4804    5.2260    0.7201     1.4880     2.5545     0.4587
     262    1.5000    0.4353    1.8212    5.3567    0.7192     2.2053     2.4753     0.4595
     263    1.5000    0.4315    2.2232    6.0166    0.7242     1.4417     2.4932     0.4600
     264    1.5000    0.4372    1.7828    6.6509    0.7223     8.3084     2.4190     0.4653
     265    1.5000    0.4394    8.3081    5.6334    0.7215     1.3220     2.5364     0.4702
     266    1.5000    0.4366    0.7012    5.4255    0.7217     2.5947     2.6165     0.4695
     267    1.5000    0.4239    2.1516    5.3411    0.7143     4.2150     2.5151     0.4567
     268    1.5000    0.4288    1.8082    5.2215    0.7143     1.5383     2.5086     0.4670
     269    1.5000    0.4333    9.2459    6.4140    0.7241     1.5852     2.5684     0.4677
     270    1.5000    0.4128    0.8340    5.6385    0.7072     2.8278     2.4484     0.4495
     271    1.5000    0.4134    8.1920    4.8753    0.7071     1.3855     2.4006     0.4543
     272    1.5000    0.4141    1.1916    6.7426    0.7130     2.3811     2.4676     0.4582
     273    1.5000    0.4149    7.8735    5.2633    0.7099     1.4162     2.4727     0.4525
     274    1.5000    0.4170    3.6798    5.8547    0.7087     1.8464     2.4424     0.4552
     275    1.5000    0.4075   11.0279    5.1885    0.7027     3.8655     2.4291     0.4405
     276    1.5000    0.4132    2.0942    5.0798    0.7033     1.8705     2.4797     0.4398
     277    1.5000    0.4238   30.1948    4.8818    0.7141     2.1530     2.4225     0.4489
     278    1.5000    0.4256    3.7898    5.6565    0.7127     1.5009     2.4704     0.4466
     279    1.5000    0.4201   13.0034    5.0444    0.7127     1.7824     2.4012     0.4451
     280    1.5000    0.4229    1.6594    5.1258    0.7070     2.0354     2.5522     0.4441
     281    1.5000    0.4420    7.5186    5.1956    0.7211     3.1726     2.5083     0.4563
     282    1.5000    0.4421    2.1288    5.2618    0.7220     1.8398     2.5036     0.4627
     283    1.5000    0.4423    6.4959    5.2571    0.7248     2.0588     2.4971     0.4617
     284    1.5000    0.4361    9.9524    5.5178    0.7214     2.5245     2.5719     0.4702
     285    1.5000    0.4423    2.0643    5.7675    0.7205     1.4586     2.4107     0.4695
     286    1.5000    0.4378    1.1794    5.7597    0.7192     1.4626     2.5831     0.4747
     287    1.5000    0.4393   10.1959    4.9908    0.7199     1.2760     2.5405     0.4756
     288    1.5000    0.4405   11.8681    5.1418    0.7214     1.6313     2.5436     0.4735
     289    1.5000    0.4461    1.0829    5.9821    0.7228     1.7105     2.4519     0.4763
     290    1.5000    0.4209    3.2774    4.9364    0.7153     1.7580     2.5602     0.4662
     291    1.5000    0.4282    8.4209    5.0208    0.7094     8.2811     2.5973     0.4632
     292    1.5000    0.4277    1.3435    5.6190    0.7191     1.6246     2.5166     0.4628
     293    1.5000    0.4246    0.7986    6.8072    0.7149     1.3705     2.6119     0.4623
     294    1.5000    0.4300    3.9569    5.2660    0.7139     1.6303     2.4171     0.4584
     295    1.5000    0.4258    6.5031    5.1160    0.7141     3.5877     2.3568     0.4468
     296    1.5000    0.4289    2.5934   11.0083    0.7169     1.6375     2.4979     0.4450
     297    1.5000    0.4233    3.2777    5.3813    0.7130     1.7721     2.6089     0.4419
     298    1.5000    0.4291    6.2903    5.3364    0.7121     1.6623     2.4917     0.4438
     299    1.5000    0.4267    2.4917    8.3130    0.7210     2.2620     2.4101     0.4381
     300    1.5000    0.4247    0.5528    6.3325    0.7211     1.5200     2.6236     0.4381
     301    1.5000    0.4230    2.6786    5.8566    0.7146     1.3558     2.5315     0.4353
     302    1.5000    0.4283    3.8321    5.7627    0.7125     1.4991     2.5515     0.4316
     303    1.5000    0.4284    1.8868    4.8607    0.7136     1.3878     2.4404     0.4401
     304    1.5000    0.4410  157.4160    6.2778    0.7292     2.7993     2.6054     0.4680
     305    1.5000    0.4463    3.5225    5.3192    0.7253     1.4995     2.6439     0.4687
     306    1.5000    0.4455    1.7483    5.9270    0.7271     1.2069     2.5866     0.4794
     307    1.5000    0.4408    2.0764    5.1909    0.7223     1.3266     2.6635     0.4853
     308    1.5000    0.4261    3.4225    4.7288    0.7157     2.4559     2.5460     0.4728
     309    1.5000    0.4212   28.6040    5.7250    0.7142     1.7074     2.4455     0.4787
     310    1.5000    0.4200    0.7745    4.9183    0.7105     1.8563     2.4789     0.4817
     311    1.5000    0.4178    0.6582    6.6470    0.7109    18.6426     2.5903     0.4760
     312    1.5000    0.4079   11.0559    5.8255    0.7107     1.9670     2.5998     0.4780
     313    1.5000    0.4126    1.4117    4.8250    0.7040     1.3851     2.6085     0.4714
     314    1.5000    0.4115    3.1992    4.8581    0.7044     1.5456     2.6559     0.4574
     315    1.5000    0.4098    0.5836    5.7019    0.7108     2.7962     2.6272     0.4511
     316    1.5000    0.4298    3.2296    4.9961    0.7115     1.3712     2.4523     0.4548
     317    1.5000    0.4332    1.4419    5.2821    0.7199     1.6106     2.5302     0.4498
     318    1.5000    0.4364    0.9684    5.9391    0.7278     0.8576     2.4624     0.4509
     319    1.5000    0.4422    7.9315    6.2129    0.7263     1.3777     2.4883     0.4494
     320    1.5000    0.4453    2.5932    4.9892    0.7258     1.5857     2.5667     0.4427
     321    1.5000    0.4402    0.6623    5.0984    0.7244     1.5751     2.5789     0.4452
     322    1.5000    0.4420    1.2107    6.0736    0.7249     1.5910     2.5789     0.4479
     323    1.5000    0.4422    4.8177    5.5525    0.7241     2.3377     2.5429     0.4590
     324    1.5000    0.4553    3.1789    5.2325    0.7247     1.6465     2.7745     0.4802
     325    1.5000    0.4529    5.4977    6.1537    0.7327     2.8698     2.4377     0.4744
     326    1.5000    0.4391    2.7011    5.3645    0.7188     3.0811     2.5238     0.4617
     327    1.5000    0.4382    8.6047    5.7437    0.7202     1.9820     2.4196     0.4588
     328    1.5000    0.4348    6.4981    5.0114    0.7179     0.0058     2.6622     0.4675
     329    1.5000    0.4335    3.1043    7.4214    0.7275     1.3593     2.5600     0.4710
     330    1.5000    0.4416   17.1190    5.3353    0.7220     2.4861     2.4584     0.4785
     331    1.5000    0.4373   14.7487    6.1659    0.7219     1.8027     2.5475     0.4888
     332    1.5000    0.4187    4.9873    5.8936    0.7128     1.3990     2.3696     0.4770
     333    1.5000    0.4307    4.9993    5.5628    0.7114     1.3752     2.6198     0.4762
     334    1.5000    0.4239    1.2688    6.2359    0.7167     1.6134     2.3953     0.4649
     335    1.5000    0.4141   16.9228    5.0354    0.7072     1.6991     2.4908     0.4490
     336    1.5000    0.4164   11.9178    5.4872    0.7011     2.1730     2.6152     0.4377
     337    1.5000    0.4141    7.6597   10.1063    0.7135     1.8456     2.5168     0.4299
     338    1.5000    0.4436 1496.1333   85.0736    0.7433     2.2242     3.0368     0.4572
     339    1.5000    0.4440    4.5349    5.8879    0.7262     1.4197     2.4504     0.4474
     340    1.5000    0.4462    1.5220    5.7004    0.7254     1.5668     2.4704     0.4380
     341    1.5000    0.4474    2.1917    5.2348    0.7284     3.2530     2.5405     0.4422
     342    1.5000    0.4584    4.7525    5.3414    0.7339     1.4322     2.9561     0.4613
     343    1.5000    0.4566    5.3511    5.8284    0.7326     1.8595     2.5190     0.4640
     344    1.5000    0.4431    6.6661    5.7893    0.7240     1.5805     2.6484     0.4624
     345    1.5000    0.4388    2.8834    5.1802    0.7230     1.7573     2.9887     0.4762
     346    1.5000    0.4408    1.4069    5.0721    0.7218     2.2588     3.0088     0.4940
     347    1.5000    0.4158   12.5777    5.4060    0.7040     1.1121     2.6612     0.4707
     348    1.5000    0.4051    1.5555    4.7680    0.6993     2.6368     2.7689     0.4818
     349    1.5000    0.4096    3.4512    5.0412    0.7041     0.9739     2.4668     0.4880
     350    1.5000    0.3931    4.5066    4.8439    0.6882     1.3832     2.6093     0.4869
     351    1.5000    0.3797    2.5995    5.0496    0.6884     1.9664     2.5951     0.4836
     352    1.5000    0.3719    4.0746    5.7401    0.6840     1.0614     2.6424     0.4641
     353    1.5000    0.3705    4.7200    5.0400    0.6777     3.0472     2.3859     0.4611
     354    1.5000    0.3691    3.9763    5.3443    0.6805     0.9459     2.4634     0.4471
     355    1.5000    0.3837    3.8817    5.2061    0.6847     2.9586     2.5484     0.4542
     356    1.5000    0.3837    8.0072    5.2205    0.6927     1.2069     2.6088     0.4471
     357    1.5000    0.4105    2.9574    5.6785    0.7030     2.1616     2.5601     0.4594
     358    1.5000    0.4116   50.3222    5.0579    0.7002     7.0169     2.6150     0.4632
     359    1.5000    0.4125    0.8906    5.4063    0.7068     4.5463     2.6597     0.4531
     360    1.5000    0.4112    1.1809    5.9644    0.7091     1.6219     2.5195     0.4519
     361    1.5000    0.4258    4.7073    6.2539    0.7203     1.8794     2.5068     0.4621
     362    1.5000    0.4305    4.6974    5.3057    0.7229    -2.0330     2.6355     0.4533
     363    1.5000    0.4302    0.8972    5.9743    0.7177     1.7123     2.6844     0.4404
     364    1.5000    0.4290    4.3649    5.8819    0.7157     2.4586     2.5188     0.4322
     365    1.5000    0.4394    4.0801    5.4786    0.7214     3.2398     2.6303     0.4366
     366    1.5000    0.4530    1.5431    4.9492    0.7303     1.7470     2.5916     0.4482
     367    1.5000    0.4416    7.0167    6.1284    0.7225     1.7052     2.4008     0.4396
     368    1.5000    0.4382    7.9644    5.3441    0.7183     1.3536     2.4985     0.4517
     369    1.5000    0.4411    5.5279    4.9074    0.7186     1.5004     2.4150     0.4564
     370    1.5000    0.4384    3.7384    6.3936    0.7242     1.9459     2.6252     0.4612
     371    1.5000    0.4381    7.2857    5.9047    0.7256     2.0732     2.4974     0.4566
     372    1.5000    0.4436   16.5903    5.2487    0.7250     4.2733     2.5378     0.4651
     373    1.5000    0.4427    9.9590    7.5837    0.7207     2.4402     2.4975     0.4633
     374    1.5000    0.4412    7.5424    6.1491    0.7281     3.4112     2.4141     0.4607
     375    1.5000    0.4421    0.7696    5.2349    0.7246     2.3840     2.5291     0.4650
     376    1.5000    0.4441    2.4301    5.4866    0.7259     1.9503     2.6381     0.4620
     377    1.5000    0.4433    5.2049    6.6005    0.7292     3.3854     2.5659     0.4696
     378    1.5000    0.4425    1.2849    5.1632    0.7213     1.5898     2.5604     0.4651
     379    1.5000    0.4413    3.1644    6.1103    0.7249     3.0305     2.6204     0.4664
     380    1.5000    0.4380    3.9814    5.7680    0.7209     0.7919     2.5574     0.4652
     381    1.5000    0.4434    2.4564    4.7898    0.7212     2.5140     2.4856     0.4620
     382    1.5000    0.4429    3.6043    7.6578    0.7278     1.3621     2.4564     0.4649
     383    1.5000    0.4448    3.6115    5.1576    0.7234     4.1000     2.4603     0.4619
     384    1.5000    0.4413    2.8344    5.1681    0.7249     2.1015     2.4803     0.4668
     385    1.5000    0.4313    1.0575    6.0859    0.7203     3.7241     2.3950     0.4595
     386    1.5000    0.4373    2.5591    5.8063    0.7158     1.5609     2.4934     0.4614
     387    1.5000    0.4285    2.1357    5.5071    0.7231     2.6881     2.5774     0.4636
     388    1.5000    0.4335   11.6700    6.0113    0.7202     8.3173     2.4362     0.4664
     389    1.5000    0.4282    7.9387    5.2387    0.7183     3.5358     2.4947     0.4651
     390    1.5000    0.4317    1.3144    5.4849    0.7177     1.2572     2.5526     0.4723
     391    1.5000    0.4360    3.7254    5.6825    0.7212     1.4000     2.5916     0.4698
     392    1.5000    0.4339   11.5553    6.5313    0.7186     1.8996     2.4320     0.4628
     393    1.5000    0.4295    3.2328    5.4188    0.7173     1.7819     2.5068     0.4596
     394    1.5000    0.4314    7.2063    5.0489    0.7137     6.2207     2.6443     0.4554
     395    1.5000    0.4372   28.0825    5.4647    0.7212     1.5630     2.5631     0.4533
     396    1.5000    0.4270    4.4150    5.8110    0.7211     3.4390     2.4806     0.4484
     397    1.5000    0.4367    0.8064    6.2437    0.7207     4.4267     2.5545     0.4505
     398    1.5000    0.4354    7.1570    9.5068    0.7189     1.3935     2.4920     0.4519
     399    1.5000    0.4355    1.5303    5.1052    0.7242     2.3139     2.4567     0.4549
     400    1.5000    0.4238    2.9133    5.5339    0.7116     3.1751     2.6176     0.4555
 Save ANN
           4
           3           3           3           1
           1 tanh
           2 tanh
           3 tanh
           4 sigmoid
  Layer            1           
    b           3
     -1.5762040439789491
      1.7392683607022514
     -1.7542507982918782
    W           3           3
     -0.7189120214004252     -1.2832276380733103     -0.2480516576220606
     -0.6220369861460900      0.3185037741127265      0.7698131454448913
     -0.4059449424087182      0.0606541103650286      0.4797816743341893
  Layer            2           
    b           3
      1.7390316246041788
      2.4914004009572319
      1.7345653134772643
    W           3           3
      1.2033645823971717      0.4686973977999525      1.2628133236209402
     -1.2979714038830965     -1.0159946960921022      0.9765590922456177
      1.4655708822764790      0.9421987834029321      0.7823381142809486
  Layer            3           
    b           1
     -2.6957392975101180
    W           3           1
     -2.6520627000647350
     -2.5876009947648901
     -1.1457856192231581
  
  
 Wall time:   83.587999999999994     
 CPU time:   83.540258999999992     
