 Save ANN
           6
           3           4           4           4           4           1
           1 tanh
           2 tanh
           3 tanh
           4 tanh
           5 tanh
           6 sigmoid
  Layer            1           
    b           4
      0.0000000000000000
      0.0000000000000000
      0.0000000000000000
      0.0000000000000000
    W           3           4
     -0.4452593719566078     -0.2133186501465426     -0.2378958628504474     -0.4043818567154285
      0.4687157773414476     -0.0828987932892049      0.3167295814389686     -0.0464040343733222
      0.0410454316432469      0.0069344720165692      0.1678468622623999     -0.0338709298841471
  Layer            2           
    b           4
      0.0000000000000000
      0.0000000000000000
      0.0000000000000000
      0.0000000000000000
    W           4           4
     -0.2433850671109140     -0.2184642229676133      0.2585097882062083      0.0706133258719456
      0.2296456282556129      0.2139055742764420     -0.2347561132883002      0.0293996638065864
     -0.1826516517981359      0.0742166300086968     -0.1237616872088725      0.3860996880597609
      0.1095831867660313      0.0808645176884272      0.1050798812402421      0.3405247878372006
  Layer            3           
    b           4
      0.0000000000000000
      0.0000000000000000
      0.0000000000000000
      0.0000000000000000
    W           4           4
     -0.6664183177907476      0.2892390405922773      0.2196057461667127      0.0600299708745219
      0.3634146614098518      0.3919521951406417      0.0992844001799470      0.2081549009098116
     -0.1356297222693378      0.0705530627868981      0.3303512044693992      0.3913823812159908
     -0.1399289040073920      0.3330854703959974      0.2123578096270871     -0.1125957800179942
  Layer            4           
    b           4
      0.0000000000000000
      0.0000000000000000
      0.0000000000000000
      0.0000000000000000
    W           4           4
      0.3496079424676461      0.2089483003667826     -0.0064036139222561      0.0134546321409843
     -0.0481740596108799      0.1484627358874341     -0.1884516115424296     -0.2810351577482204
     -0.1980349482054063      0.0583474900253551     -0.1036136279630599     -0.1971514625423171
     -0.1175711219847682     -0.1334418048425519      0.2100156393427876      0.1967000229456619
  Layer            5           
    b           1
      0.0000000000000000
    W           4           1
     -0.0594942930407998
     -0.1506004029838673
     -0.3612739293123812
      0.0588586828663841
  
       1    1.5000    0.4875    0.9466    1.6796    0.4465     2.1846     1.8050     0.4380
       2    1.5000    0.4900    2.0680    1.7051    0.4562     1.9918     1.6518     0.4484
       3    1.5000    0.5048    2.0491    1.7193    0.4572     1.7654     1.7333     0.4584
       4    1.5000    0.5099    1.1061    1.7545    0.4714     1.2787     1.7660     0.4561
       5    1.5000    0.5010    2.4728    1.7486    0.4556     2.6385     1.7197     0.4481
       6    1.5000    0.4985    1.0027    1.7265    0.4512     2.1581     1.7895     0.4619
       7    1.5000    0.5080    1.4542    1.6852    0.4753     1.4878     1.6950     0.4714
       8    1.5000    0.5150    0.9344    1.6692    0.4710     0.8761     1.6669     0.4739
       9    1.5000    0.5174    2.3448    1.7185    0.4748     1.7140     2.0738     0.4855
      10    1.5000    0.5140    1.9654    1.7474    0.4773     0.9360     1.7661     0.4708
      11    1.5000    0.4911    1.8952    1.7434    0.4545     1.9180     1.7000     0.4577
      12    1.5000    0.5009    1.3628    1.6785    0.4459     1.0123     1.8108     0.4769
      13    1.5000    0.4960    0.9090    1.7121    0.4659     2.5140     1.7127     0.4562
      14    1.5000    0.4855    2.1117    1.7728    0.4364     1.6561     1.6289     0.4349
      15    1.5000    0.4789    1.8549    1.6495    0.4394     1.1521     1.6618     0.4421
      16    1.5000    0.4774    1.1534    1.6548    0.4344     1.2722     1.7042     0.4386
      17    1.5000    0.4804    2.7063    1.7286    0.4321     0.9768     1.6956     0.4414
      18    1.5000    0.4756    0.8774    1.6575    0.4520     1.0292     1.6159     0.4411
      19    1.5000    0.4851    1.4862    1.9851    0.4534     0.9299     1.9577     0.4374
      20    1.5000    0.4763    1.3044    1.7061    0.4527     0.8800     1.7380     0.4564
      21    1.5000    0.4888    2.8450    1.6963    0.4406     1.0537     1.6789     0.4303
      22    1.5000    0.4786    2.9398    1.8213    0.4323     1.2471     1.5985     0.4363
      23    1.5000    0.4886    1.5387    2.1129    0.4434     3.1783     1.7405     0.4486
      24    1.5000    0.4781    1.1889    1.6298    0.4329     0.8973     1.8595     0.4444
      25    1.5000    0.4905    2.1437    1.6770    0.4564     1.3556     1.6495     0.4690
      26    1.5000    0.5128    1.0186    1.6660    0.4711     1.2471     1.7491     0.4657
      27    1.5000    0.5225    2.2991    1.6835    0.4875     1.0634     1.6163     0.4879
      28    1.5000    0.4833    1.7147    2.1516    0.4450     1.0723     1.7024     0.4338
      29    1.5000    0.4778    3.9938    1.6585    0.4541     3.0010     1.6625     0.4487
      30    1.5000    0.4924    2.6162    1.6572    0.4504     1.5711     1.6848     0.4328
      31    1.5000    0.4836    1.0036    1.7112    0.4323     1.0897     1.8213     0.4394
      32    1.5000    0.4838   11.3003    1.7197    0.4511     0.9495     1.6450     0.4392
      33    1.5000    0.5064    3.0779    1.7166    0.4616     3.4116     1.7000     0.4640
      34    1.5000    0.5050    2.0834    1.7893    0.4745     2.8958     1.8284     0.4617
      35    1.5000    0.4898    1.5036    1.6654    0.4501     0.9644     1.7001     0.4655
      36    1.5000    0.4851    0.9509    1.7267    0.4592     0.8754     1.6661     0.4361
      37    1.5000    0.4899    1.0878    1.6872    0.4536     0.8825     1.8205     0.4689
      38    1.5000    0.4953    2.2885    1.7326    0.4482     1.9495     1.6649     0.4479
      39    1.5000    0.4850    2.4471    1.6690    0.4557     1.0901     1.7041     0.4515
      40    1.5000    0.4965    2.1279    1.6863    0.4389     1.5855     1.6116     0.4530
      41    1.5000    0.4835    1.0739    1.6609    0.4545     0.8894     1.7378     0.4550
      42    1.5000    0.4761    1.4841    1.6882    0.4525     1.9427     1.6737     0.4567
      43    1.5000    0.4940    0.9342    1.6506    0.4522     1.6019     1.6318     0.4395
      44    1.5000    0.5010    1.0696    1.8140    0.4586     2.5529     1.6222     0.4319
      45    1.5000    0.5004    1.1654    1.6842    0.4590     0.8701     1.7125     0.4730
      46    1.5000    0.5089    3.0838    2.1439    0.4753     0.8706     1.7746     0.4744
      47    1.5000    0.5029    1.5775    1.7278    0.4659     1.1063     1.6485     0.4535
      48    1.5000    0.5092    1.2012    1.7274    0.4729     0.9072     1.7799     0.4710
      49    1.5000    0.5030    1.3715    1.6980    0.4665     3.1831     1.6253     0.4531
      50    1.5000    0.5079    1.2193    1.7803    0.4691     1.8678     1.8353     0.4596
      51    1.5000    0.5085    1.2365    1.6766    0.4718     1.0990     1.6706     0.4526
      52    1.5000    0.4761    0.9864    1.6595    0.4321     2.1518     1.8676     0.4400
      53    1.5000    0.5025    2.5804    1.7086    0.4637     0.8733     1.6599     0.4527
      54    1.5000    0.4915    2.4479    1.8137    0.4606     1.3245     1.6983     0.4624
      55    1.5000    0.4985    0.9211    1.7217    0.4537     1.0031     2.0391     0.4714
      56    1.5000    0.5091    1.4361    1.7488    0.4803     1.8731     1.9846     0.4657
      57    1.5000    0.5091    1.1139    1.6297    0.4688     2.6297     1.7147     0.4759
      58    1.5000    0.4954    2.2692    1.6735    0.4621     2.7453     2.1099     0.4718
      59    1.5000    0.5056    2.1625    1.6640    0.4714     0.8704     1.7662     0.4636
      60    1.5000    0.4970    3.1533    1.6820    0.4624     1.8392     1.6857     0.4619
      61    1.5000    0.5040    1.0685    1.7023    0.4549     2.3817     1.6459     0.4514
      62    1.5000    0.5171    1.6450    1.7339    0.4889     1.3608     1.6735     0.4729
      63    1.5000    0.5222    1.5606    1.6927    0.4679     2.2988     1.7958     0.4788
      64    1.5000    0.5178    1.8468    1.6926    0.4734     3.5484     1.7572     0.4729
      65    1.5000    0.5085    0.9313    1.6559    0.4519     0.8974     1.7841     0.4571
      66    1.5000    0.5024    1.1291    1.7042    0.4616     1.4389     1.8224     0.4614
      67    1.5000    0.4946    1.2087    1.6696    0.4499     1.9588     1.6886     0.4582
      68    1.5000    0.5070    1.2036    1.7697    0.4544     1.0751     1.6770     0.4659
      69    1.5000    0.5070    1.2664    1.6683    0.4671     1.5603     1.6642     0.4662
      70    1.5000    0.5091    1.6941    1.6142    0.4642     1.6928     2.5957     0.4966
      71    1.5000    0.5158    1.1321    1.6915    0.4786     3.0860     1.6823     0.4577
      72    1.5000    0.5010    2.2274    1.6630    0.4400     0.9387     1.5942     0.4592
      73    1.5000    0.4956    1.7147    1.7193    0.4644     3.0084     1.6688     0.4556
      74    1.5000    0.5008    1.0968    1.6817    0.4599     1.4138     1.7726     0.4390
      75    1.5000    0.5134    0.8768    1.7258    0.4566     1.0381     2.3033     0.4713
      76    1.5000    0.4818    3.5587    1.7166    0.4373     1.5060     1.6977     0.4471
      77    1.5000    0.4686    3.2284    1.7114    0.4414     0.9482     1.7328     0.4500
      78    1.5000    0.4763    0.8885    2.0262    0.4442     0.8854     1.7272     0.4385
      79    1.5000    0.4753    2.6760    1.6611    0.4351     2.6229     1.7143     0.4447
      80    1.5000    0.4875    1.8659    1.6673    0.4410     1.1104     1.6676     0.4355
      81    1.5000    0.4830    4.3572    1.6632    0.4319     0.9026     1.6618     0.4324
      82    1.5000    0.4811    2.1458    1.7470    0.4350     1.9573     1.8471     0.4537
      83    1.5000    0.4783    2.0580    1.6450    0.4501     1.1502     1.7971     0.4353
      84    1.5000    0.4841    0.9960    1.7384    0.4414     0.9963     1.8010     0.4499
      85    1.5000    0.4869    1.2192    1.6993    0.4271     1.2062     1.7307     0.4354
      86    1.5000    0.4808    1.2874    1.7742    0.4470     0.9378     1.7853     0.4471
      87    1.5000    0.4773    0.8714    1.6370    0.4233    12.1566     1.7175     0.4253
      88    1.5000    0.4766    2.0034    1.8129    0.4417     2.6159     1.6528     0.4334
      89    1.5000    0.5130    0.8974    1.6334    0.4736     1.9697     1.7812     0.4769
      90    1.5000    0.5264    0.9199    1.6501    0.4926     2.7460     1.7044     0.4779
      91    1.5000    0.5028    0.8721    1.7123    0.4556     0.9890     1.7406     0.4789
      92    1.5000    0.5105    2.7698    1.6910    0.4684     2.2386     1.6543     0.4637
      93    1.5000    0.4865    3.0400    1.7019    0.4485     0.8851     1.7882     0.4635
      94    1.5000    0.4811    2.3378    1.6920    0.4432     1.1118     1.6335     0.4451
      95    1.5000    0.4886    1.3975    1.7390    0.4499     0.8769     1.6619     0.4310
      96    1.5000    0.4830    1.1842    1.8451    0.4459     0.9421     1.9713     0.4410
      97    1.5000    0.4818    0.8977    1.7066    0.4313     0.8760     1.6024     0.4387
      98    1.5000    0.4870    1.1072    1.7367    0.4546     0.9066     1.6515     0.4444
      99    1.5000    0.4803    1.0808    1.6693    0.4557     3.0087     1.8939     0.4524
     100    1.5000    0.4890    1.1849    1.6733    0.4490     3.2391     1.6395     0.4455
     101    1.5000    0.4930    1.8286    1.7005    0.4358     1.1058     1.7248     0.4366
     102    1.5000    0.5035    2.3737    1.7138    0.4632     0.9380     1.6513     0.4611
     103    1.5000    0.5070    1.1667    1.7138    0.4705     1.7248     1.7001     0.4730
     104    1.5000    0.5059    1.1887    1.7503    0.4784     3.2427     1.6309     0.4594
     105    1.5000    0.5014    1.9107    1.7474    0.4636     1.4940     1.6486     0.4700
     106    1.5000    0.4878    1.1641    1.7256    0.4494     1.2636     1.6227     0.4476
     107    1.5000    0.4806    0.8722    1.8098    0.4494     0.9287     1.6308     0.4485
     108    1.5000    0.4859    1.0818    1.7785    0.4511     0.8824     1.6122     0.4447
     109    1.5000    0.4886    0.8871    1.8874    0.4546     3.0474     1.6663     0.4407
     110    1.5000    0.4783    9.9376    1.9722    0.4620     1.4329     1.8298     0.4361
     111    1.5000    0.5004    0.9683    2.3166    0.4672     1.4541     1.6839     0.4635
     112    1.5000    0.5144    2.0730    1.7112    0.4644     1.6829     1.6450     0.4671
     113    1.5000    0.5038    3.0057    1.6902    0.4734     2.0371     1.8350     0.4703
     114    1.5000    0.4761    1.5134    1.8307    0.4445     1.6177     1.8421     0.4607
     115    1.5000    0.5165    1.3340    1.7365    0.4716     0.9712     1.6400     0.4634
     116    1.5000    0.5164    1.6597    1.6838    0.4657     1.9109     1.6543     0.4601
     117    1.5000    0.5182    1.7850    1.9506    0.4800     2.1635     1.8026     0.4851
     118    1.5000    0.5055    1.6672    1.6549    0.4682     1.4263     1.7796     0.4849
     119    1.5000    0.5044    1.0716    1.7618    0.4781     1.0394     1.7721     0.4614
     120    1.5000    0.5059    1.8182    1.7509    0.4631     0.8752     1.7619     0.4736
     121    1.5000    0.5114    0.9194    1.7669    0.4642     0.8712     1.6526     0.4636
     122    1.5000    0.4983    1.7733    1.7639    0.4705     2.1857     1.6530     0.4604
     123    1.5000    0.5040    1.1165    1.7061    0.4706     0.9261     1.6547     0.4624
     124    1.5000    0.5104    0.9793    1.7344    0.4756     1.8429     1.7154     0.4655
     125    1.5000    0.5028    0.9740    1.6902    0.4695     1.0747     1.6918     0.4630
     126    1.5000    0.4891    1.0712    1.6727    0.4387     1.2296     1.7055     0.4440
     127    1.5000    0.5126    1.2673    1.7565    0.4496     0.9765     1.7688     0.4720
     128    1.5000    0.5078    1.7616    1.8382    0.4594     0.8715     1.7818     0.4660
     129    1.5000    0.5039    1.6219    1.7156    0.4560     1.1189     1.8248     0.4684
     130    1.5000    0.5101    1.4138    1.8001    0.4775     2.3393     1.6775     0.4570
     131    1.5000    0.5075    1.1729    1.7266    0.4531     2.7274     1.6828     0.4703
     132    1.5000    0.4795    6.0332    1.7965    0.4519     0.8863     1.7823     0.4479
     133    1.5000    0.4921    0.8915    1.7764    0.4474     0.8748     1.7332     0.4432
     134    1.5000    0.5170    1.5675    1.7432    0.4590     1.3174     1.6855     0.4665
     135    1.5000    0.5061    1.6318    1.6495    0.4561     0.9385     1.8461     0.4723
     136    1.5000    0.5049    0.9909    1.8603    0.4823     0.8879     1.7214     0.4616
     137    1.5000    0.5062    6.0051    2.2862    0.4780     0.8939     1.6701     0.4631
     138    1.5000    0.4999    1.7622    1.7709    0.4571     1.3338     1.7041     0.4552
     139    1.5000    0.5016    1.7453    1.7213    0.4631     1.0444     1.8084     0.4682
     140    1.5000    0.5072    2.2967    1.7200    0.4641     3.9466     1.6764     0.4602
     141    1.5000    0.5074    1.6088    1.6724    0.4594     1.4471     1.6972     0.4549
     142    1.5000    0.5004    2.2588    1.6536    0.4646     0.8714     1.6704     0.4596
     143    1.5000    0.5029    1.1038    1.7870    0.4585     1.0742     1.6925     0.4557
     144    1.5000    0.4855    2.2443    1.7465    0.4427     1.9996     1.6354     0.4323
     145    1.5000    0.4875    1.1137    1.7095    0.4459     1.2488     1.6850     0.4377
     146    1.5000    0.5170    0.9142    1.6766    0.4695     1.7787     1.7508     0.4560
     147    1.5000    0.4999    2.4093    1.6636    0.4698     1.9127     2.0640     0.4716
     148    1.5000    0.5311    1.9310    1.6529    0.4898     1.3219     1.6132     0.4855
     149    1.5000    0.4945    1.2467    1.9418    0.4634     0.9152     1.9518     0.4571
     150    1.5000    0.5046    1.3429    1.6221    0.4519     1.4986     1.6751     0.4491
     151    1.5000    0.5019    0.9044    1.6058    0.4773     1.5941     1.7470     0.4607
     152    1.5000    0.4826    1.5279    1.6906    0.4534     1.2146     1.9354     0.4744
     153    1.5000    0.4973    0.8814    1.7291    0.4546     1.4562     1.6853     0.4492
     154    1.5000    0.4946    2.1099    1.7714    0.4725     5.4507     1.6544     0.4501
     155    1.5000    0.5008    1.1188    1.6799    0.4627     1.0906     1.8679     0.4585
     156    1.5000    0.4891    1.3794    1.6879    0.4595     1.1342     1.6789     0.4700
     157    1.5000    0.5038    0.8935    1.7712    0.4596     0.9090     1.7783     0.4647
     158    1.5000    0.5101    1.3050    1.6543    0.4586    14.7970     2.0580     0.4699
     159    1.5000    0.5091    0.8908    1.7504    0.4680     0.8769     1.8095     0.4748
     160    1.5000    0.4893    2.6827    1.7906    0.4516     0.9879     4.7621     0.4537
     161    1.5000    0.4825    1.7776    1.7877    0.4525     2.9273     1.6328     0.4464
     162    1.5000    0.4820    2.0578    1.7692    0.4373     1.2944     1.6224     0.4291
     163    1.5000    0.4738    2.7748    1.6749    0.4424     1.4746     1.6690     0.4348
     164    1.5000    0.4885    2.0503    1.7581    0.4559     1.2688     1.6876     0.4594
     165    1.5000    0.4919    0.8712    1.6342    0.4571     1.9987     1.7044     0.4452
     166    1.5000    0.4950    3.4192    1.6396    0.4452     1.0772     1.6269     0.4504
     167    1.5000    0.4844    1.9571    1.6690    0.4565     2.2558     1.7550     0.4535
     168    1.5000    0.5029    2.0160    1.6642    0.4665     0.9474     1.7585     0.4691
     169    1.5000    0.5256    1.4023    1.6587    0.4679     1.5304     1.7552     0.4685
     170    1.5000    0.5058    0.9782    1.8119    0.4728     1.1982     1.7339     0.4690
     171    1.5000    0.5049    2.0157    1.6119    0.4646     1.0703     1.7378     0.4632
     172    1.5000    0.4999    1.6795    1.6627    0.4804     1.4090     1.7160     0.4625
     173    1.5000    0.4959    2.0616    1.7133    0.4446     1.1569     1.6316     0.4446
     174    1.5000    0.5104    1.4338    1.6814    0.4886     0.8787     1.6819     0.4708
     175    1.5000    0.5118    1.0035    1.7054    0.4659     1.1548     1.6424     0.4710
     176    1.5000    0.5118    1.7445    1.6538    0.4765     1.6236     1.8112     0.4825
     177    1.5000    0.5180    1.1877    2.3632    0.4759     1.3480     2.1478     0.4770
     178    1.5000    0.5049    0.9224    1.7171    0.4689     1.2681     1.6305     0.4714
     179    1.5000    0.5049    1.1555    1.6202    0.4685     0.9815     1.8130     0.4760
     180    1.5000    0.5175    1.1628    2.0180    0.4854     1.7084     1.7361     0.4714
     181    1.5000    0.5059    1.3692    1.6761    0.4441     2.9327     1.7444     0.4525
     182    1.5000    0.5054    1.3108    1.7935    0.4744     0.8816     1.6811     0.4635
     183    1.5000    0.5125    1.7515    1.8051    0.4769     0.9373     1.6304     0.4632
     184    1.5000    0.5126    1.1209    1.6489    0.4590     2.4195     1.6298     0.4715
     185    1.5000    0.4991    2.0726    1.9737    0.4660     1.1530     1.6788     0.4744
     186    1.5000    0.5066    2.4917    1.6752    0.4474     3.3831     1.7671     0.4601
     187    1.5000    0.5004    2.3462    1.7830    0.4723     3.3167     1.5935     0.4644
     188    1.5000    0.4986    2.5580    1.6171    0.4744     0.8783     1.6836     0.4672
     189    1.5000    0.5181    1.9430    1.6303    0.4471     2.8135     1.7144     0.4626
     190    1.5000    0.5019    2.4795    1.7531    0.4751     0.9052     1.6796     0.4646
     191    1.5000    0.5102    1.6957    1.6763    0.4601     1.0887     1.7430     0.4669
     192    1.5000    0.5024    2.3905    1.6566    0.4642     1.1176     1.7605     0.4724
     193    1.5000    0.4999    2.1873    1.8115    0.4644     1.0166     1.6903     0.4470
     194    1.5000    0.4848    0.9799    1.9573    0.4660     0.8743     1.7531     0.4541
     195    1.5000    0.5025    1.0520    1.7370    0.4590     1.8065     1.6548     0.4401
     196    1.5000    0.4885    1.9136    1.8307    0.4561     0.9704     1.7225     0.4485
     197    1.5000    0.4931    1.0226    1.8149    0.4496     2.9017     1.6861     0.4542
     198    1.5000    0.4970    1.5854    1.6966    0.4464     3.2033     1.6823     0.4481
     199    1.5000    0.4920    1.7695    1.7631    0.4539     2.2031     1.6925     0.4626
     200    1.5000    0.4963    1.1603    1.6063    0.4459     1.3360     1.6988     0.4561
 Save ANN
           6
           3           4           4           4           4           1
           1 tanh
           2 tanh
           3 tanh
           4 tanh
           5 tanh
           6 sigmoid
  Layer            1           
    b           4
     -0.0062659682740341
      0.0056484251786334
     -0.0007688142466448
      0.0133811175318251
    W           3           4
     -0.4471050648173567     -0.2067450734019318     -0.2408009832260386     -0.4011506349806275
      0.4672618781391981     -0.0858974720000975      0.3178477601250894     -0.0462040964587987
      0.0411929762210664      0.0134083179514631      0.1636106633319757     -0.0337028423141580
  Layer            2           
    b           4
      0.0071328230119009
     -0.0007583871798655
      0.0003627000344581
      0.0094413398727859
    W           4           4
     -0.2554795851912255     -0.2142082440372712      0.2583218970311510      0.0665801910172588
      0.2176934818343840      0.2190400905705697     -0.2347712857224693      0.0242671339288110
     -0.1883760686100399      0.0754622694270994     -0.1240853904133178      0.3847894357552228
      0.0919292173436101      0.0881095979898524      0.1048883825720142      0.3330222697138110
  Layer            3           
    b           4
     -0.0013708756844120
      0.0012657535500482
      0.0004983946982593
     -0.0002030454082197
    W           4           4
     -0.6651168795505529      0.2892641261174088      0.2194638931871451      0.0607740567068479
      0.3660439084778080      0.3910664167634221      0.0983073700798074      0.2100413990287422
     -0.1341161615298395      0.0698437196302074      0.3296498767241603      0.3925647035094704
     -0.1302291742825665      0.3286757625078778      0.2079250179004759     -0.1051942872962308
  Layer            4           
    b           4
     -0.0004326386642685
     -0.0008296974344385
     -0.0022454996274262
      0.0010338382571107
    W           4           4
      0.3480794158108158      0.2036010041379758     -0.0179723404992574      0.0162244026082202
     -0.0430246809694845      0.1650171675675636     -0.1511602010852330     -0.2889984161909959
     -0.1946291102177800      0.0692715607365390     -0.0789146340222088     -0.2023923741726492
     -0.1174451529564567     -0.1327958572118527      0.2112869472180359      0.1962907217762349
  Layer            5           
    b           1
      0.0023567399440348
    W           4           1
     -0.0286985519178505
     -0.1639675481311502
     -0.3371709136531775
      0.1026626395159279
  
  
 Wall time:   29.335000000000001     
 CPU time:   29.247985000000000     
